tensor([[[ 1.,  2.,  3.],
         [ 4.,  5.,  6.],
         [ 7.,  8.,  9.]],

        [[10., 11., 12.],
         [13., 14., 15.],
         [16., 17., 18.]],

        [[19., 20., 21.],
         [22., 23., 24.],
         [25., 26., 27.]],

        [[28., 29., 30.],
         [31., 32., 33.],
         [34., 35., 36.]]])
----------
tensor([[[28., 29., 30.],
         [31., 32., 33.],
         [34., 35., 36.]],

        [[ 1.,  2.,  3.],
         [ 4.,  5.,  6.],
         [ 7.,  8.,  9.]],

        [[10., 11., 12.],
         [13., 14., 15.],
         [16., 17., 18.]],

        [[19., 20., 21.],
         [22., 23., 24.],
         [25., 26., 27.]]])
tensor([[[ 0.,  0.,  0.,  0.],
         [ 0.,  1.,  2.,  0.],
         [ 0.,  3.,  4.,  0.],
         [ 0.,  0.,  0.,  0.]],

        [[ 0.,  0.,  0.,  0.],
         [ 0.,  5.,  6.,  0.],
         [ 0.,  7.,  8.,  0.],
         [ 0.,  0.,  0.,  0.]],

        [[ 0.,  0.,  0.,  0.],
         [ 0.,  9., 10.,  0.],
         [ 0., 11., 12.,  0.],
         [ 0.,  0.,  0.,  0.]],

        [[ 0.,  0.,  0.,  0.],
         [ 0., 13., 14.,  0.],
         [ 0., 15., 16.,  0.],
         [ 0.,  0.,  0.,  0.]]])
tensor([[[3536., 3400.],
         [3128., 2992.]],

        [[2672., 2536.],
         [2264., 2128.]],

        [[2384., 2248.],
         [1976., 1840.]],

        [[2672., 2536.],
         [2264., 2128.]]], grad_fn=<SqueezeBackward1>)
result: tensor([[[3536., 3400.],
         [3128., 2992.]],

        [[2672., 2536.],
         [2264., 2128.]],

        [[2384., 2248.],
         [1976., 1840.]],

        [[2672., 2536.],
         [2264., 2128.]]])
